{
  "metadata": {
    "kernelspec": {
      "display_name": "Python 3",
      "name": "python3"
    },
    "language_info": {
      "name": "python",
      "version": "3.10.13",
      "mimetype": "text/x-python",
      "codemirror_mode": {
        "name": "ipython",
        "version": 3
      },
      "pygments_lexer": "ipython3",
      "nbconvert_exporter": "python",
      "file_extension": ".py"
    },
    "kaggle": {
      "accelerator": "none",
      "dataSources": [
        {
          "sourceId": 73291,
          "databundleVersionId": 8930475,
          "sourceType": "competition"
        }
      ],
      "dockerImageVersionId": 30746,
      "isInternetEnabled": true,
      "language": "python",
      "sourceType": "notebook",
      "isGpuEnabled": false
    },
    "colab": {
      "provenance": [],
      "gpuType": "T4"
    },
    "accelerator": "GPU"
  },
  "nbformat_minor": 0,
  "nbformat": 4,
  "cells": [
    {
      "cell_type": "code",
      "source": [
        "!pip install klib"
      ],
      "metadata": {
        "execution": {
          "iopub.status.busy": "2024-07-30T18:09:28.368725Z",
          "iopub.execute_input": "2024-07-30T18:09:28.369653Z",
          "iopub.status.idle": "2024-07-30T18:09:40.145071Z",
          "shell.execute_reply.started": "2024-07-30T18:09:28.369616Z",
          "shell.execute_reply": "2024-07-30T18:09:40.143875Z"
        },
        "trusted": true,
        "colab": {
          "base_uri": "https://localhost:8080/"
        },
        "id": "DbLWUBceH3dx",
        "outputId": "e3bb4e09-9ede-4fe5-bb54-d6c854fe7a76"
      },
      "execution_count": 1,
      "outputs": [
        {
          "output_type": "stream",
          "name": "stdout",
          "text": [
            "Collecting klib\n",
            "  Downloading klib-1.3.1-py3-none-any.whl.metadata (7.6 kB)\n",
            "Requirement already satisfied: Jinja2<4.0.0,>=3.1.0 in /usr/local/lib/python3.10/dist-packages (from klib) (3.1.4)\n",
            "Requirement already satisfied: matplotlib<4.0.0,>=3.6.0 in /usr/local/lib/python3.10/dist-packages (from klib) (3.7.1)\n",
            "Requirement already satisfied: numpy<2.0.0,>=1.26.0 in /usr/local/lib/python3.10/dist-packages (from klib) (1.26.4)\n",
            "Requirement already satisfied: pandas<3.0,>=1.4 in /usr/local/lib/python3.10/dist-packages (from klib) (2.1.4)\n",
            "Requirement already satisfied: plotly<6.0.0,>=5.11.0 in /usr/local/lib/python3.10/dist-packages (from klib) (5.15.0)\n",
            "Requirement already satisfied: scipy<2.0.0,>=1.10.0 in /usr/local/lib/python3.10/dist-packages (from klib) (1.13.1)\n",
            "Collecting screeninfo<0.9.0,>=0.8.1 (from klib)\n",
            "  Downloading screeninfo-0.8.1-py3-none-any.whl.metadata (2.9 kB)\n",
            "Requirement already satisfied: seaborn>=0.12.0 in /usr/local/lib/python3.10/dist-packages (from klib) (0.13.1)\n",
            "Requirement already satisfied: MarkupSafe>=2.0 in /usr/local/lib/python3.10/dist-packages (from Jinja2<4.0.0,>=3.1.0->klib) (2.1.5)\n",
            "Requirement already satisfied: contourpy>=1.0.1 in /usr/local/lib/python3.10/dist-packages (from matplotlib<4.0.0,>=3.6.0->klib) (1.2.1)\n",
            "Requirement already satisfied: cycler>=0.10 in /usr/local/lib/python3.10/dist-packages (from matplotlib<4.0.0,>=3.6.0->klib) (0.12.1)\n",
            "Requirement already satisfied: fonttools>=4.22.0 in /usr/local/lib/python3.10/dist-packages (from matplotlib<4.0.0,>=3.6.0->klib) (4.53.1)\n",
            "Requirement already satisfied: kiwisolver>=1.0.1 in /usr/local/lib/python3.10/dist-packages (from matplotlib<4.0.0,>=3.6.0->klib) (1.4.5)\n",
            "Requirement already satisfied: packaging>=20.0 in /usr/local/lib/python3.10/dist-packages (from matplotlib<4.0.0,>=3.6.0->klib) (24.1)\n",
            "Requirement already satisfied: pillow>=6.2.0 in /usr/local/lib/python3.10/dist-packages (from matplotlib<4.0.0,>=3.6.0->klib) (9.4.0)\n",
            "Requirement already satisfied: pyparsing>=2.3.1 in /usr/local/lib/python3.10/dist-packages (from matplotlib<4.0.0,>=3.6.0->klib) (3.1.2)\n",
            "Requirement already satisfied: python-dateutil>=2.7 in /usr/local/lib/python3.10/dist-packages (from matplotlib<4.0.0,>=3.6.0->klib) (2.8.2)\n",
            "Requirement already satisfied: pytz>=2020.1 in /usr/local/lib/python3.10/dist-packages (from pandas<3.0,>=1.4->klib) (2024.1)\n",
            "Requirement already satisfied: tzdata>=2022.1 in /usr/local/lib/python3.10/dist-packages (from pandas<3.0,>=1.4->klib) (2024.1)\n",
            "Requirement already satisfied: tenacity>=6.2.0 in /usr/local/lib/python3.10/dist-packages (from plotly<6.0.0,>=5.11.0->klib) (8.5.0)\n",
            "Requirement already satisfied: six>=1.5 in /usr/local/lib/python3.10/dist-packages (from python-dateutil>=2.7->matplotlib<4.0.0,>=3.6.0->klib) (1.16.0)\n",
            "Downloading klib-1.3.1-py3-none-any.whl (23 kB)\n",
            "Downloading screeninfo-0.8.1-py3-none-any.whl (12 kB)\n",
            "Installing collected packages: screeninfo, klib\n",
            "Successfully installed klib-1.3.1 screeninfo-0.8.1\n"
          ]
        }
      ]
    },
    {
      "cell_type": "code",
      "source": [
        "import pandas as pd\n",
        "import numpy as np\n",
        "import klib\n",
        "\n",
        "from sklearn.model_selection import train_test_split\n",
        "from sklearn.preprocessing import StandardScaler\n",
        "from sklearn.ensemble import RandomForestRegressor"
      ],
      "metadata": {
        "_uuid": "8f2839f25d086af736a60e9eeb907d3b93b6e0e5",
        "_cell_guid": "b1076dfc-b9ad-4769-8c92-a6c4dae69d19",
        "execution": {
          "iopub.status.busy": "2024-07-30T18:18:53.387803Z",
          "iopub.execute_input": "2024-07-30T18:18:53.388211Z",
          "iopub.status.idle": "2024-07-30T18:18:53.393426Z",
          "shell.execute_reply.started": "2024-07-30T18:18:53.388180Z",
          "shell.execute_reply": "2024-07-30T18:18:53.392343Z"
        },
        "trusted": true,
        "id": "-Dxy1dgqH3d5"
      },
      "execution_count": 2,
      "outputs": []
    },
    {
      "cell_type": "code",
      "source": [
        "train = pd.read_csv('train.csv', index_col=[0])\n",
        "test = pd.read_csv('test.csv', index_col=[0])"
      ],
      "metadata": {
        "execution": {
          "iopub.status.busy": "2024-07-30T18:09:40.155406Z",
          "iopub.execute_input": "2024-07-30T18:09:40.155736Z",
          "iopub.status.idle": "2024-07-30T18:09:48.854810Z",
          "shell.execute_reply.started": "2024-07-30T18:09:40.155710Z",
          "shell.execute_reply": "2024-07-30T18:09:48.853728Z"
        },
        "trusted": true,
        "id": "tP8lxop_H3d7"
      },
      "execution_count": 5,
      "outputs": []
    },
    {
      "cell_type": "code",
      "source": [
        "train['Vehicle_Age'].unique()"
      ],
      "metadata": {
        "execution": {
          "iopub.status.busy": "2024-07-30T18:09:48.857796Z",
          "iopub.execute_input": "2024-07-30T18:09:48.858576Z",
          "iopub.status.idle": "2024-07-30T18:09:48.924407Z",
          "shell.execute_reply.started": "2024-07-30T18:09:48.858536Z",
          "shell.execute_reply": "2024-07-30T18:09:48.923420Z"
        },
        "trusted": true,
        "colab": {
          "base_uri": "https://localhost:8080/"
        },
        "id": "SVHcx7eQH3d7",
        "outputId": "d483b4e3-6a69-4b93-aeea-2eb3870d9111"
      },
      "execution_count": 6,
      "outputs": [
        {
          "output_type": "execute_result",
          "data": {
            "text/plain": [
              "array(['1-2 Year', '> 2 Years', '< 1 Year'], dtype=object)"
            ]
          },
          "metadata": {},
          "execution_count": 6
        }
      ]
    },
    {
      "cell_type": "code",
      "source": [
        "def convert_age_to_label(age_str):\n",
        "    if age_str == '< 1 Year':\n",
        "        return 0\n",
        "    elif age_str == '1-2 Year':\n",
        "        return 1\n",
        "    elif age_str == '> 2 Years':\n",
        "        return 2\n",
        "\n",
        "    return None"
      ],
      "metadata": {
        "execution": {
          "iopub.status.busy": "2024-07-30T18:09:48.925845Z",
          "iopub.execute_input": "2024-07-30T18:09:48.926270Z",
          "iopub.status.idle": "2024-07-30T18:09:48.932205Z",
          "shell.execute_reply.started": "2024-07-30T18:09:48.926234Z",
          "shell.execute_reply": "2024-07-30T18:09:48.930978Z"
        },
        "trusted": true,
        "id": "-hXOywhNH3d8"
      },
      "execution_count": 7,
      "outputs": []
    },
    {
      "cell_type": "code",
      "source": [
        "train['Vehicle_Age'] = train['Vehicle_Age'].apply(convert_age_to_label)\n",
        "test['Vehicle_Age'] = train['Vehicle_Age'].apply(convert_age_to_label)"
      ],
      "metadata": {
        "execution": {
          "iopub.status.busy": "2024-07-30T18:09:48.933508Z",
          "iopub.execute_input": "2024-07-30T18:09:48.933838Z",
          "iopub.status.idle": "2024-07-30T18:09:56.483969Z",
          "shell.execute_reply.started": "2024-07-30T18:09:48.933806Z",
          "shell.execute_reply": "2024-07-30T18:09:56.482809Z"
        },
        "trusted": true,
        "id": "6SI5AWM5H3d9"
      },
      "execution_count": 8,
      "outputs": []
    },
    {
      "cell_type": "code",
      "source": [
        "train['Gender'].unique()"
      ],
      "metadata": {
        "execution": {
          "iopub.status.busy": "2024-07-30T18:09:56.485581Z",
          "iopub.execute_input": "2024-07-30T18:09:56.486344Z",
          "iopub.status.idle": "2024-07-30T18:09:56.552496Z",
          "shell.execute_reply.started": "2024-07-30T18:09:56.486305Z",
          "shell.execute_reply": "2024-07-30T18:09:56.551366Z"
        },
        "trusted": true,
        "colab": {
          "base_uri": "https://localhost:8080/"
        },
        "id": "5cSIokOPH3d-",
        "outputId": "65caf499-37b2-4d4c-fd5d-616fde7b6a5d"
      },
      "execution_count": 9,
      "outputs": [
        {
          "output_type": "execute_result",
          "data": {
            "text/plain": [
              "array(['Male', 'Female'], dtype=object)"
            ]
          },
          "metadata": {},
          "execution_count": 9
        }
      ]
    },
    {
      "cell_type": "code",
      "source": [
        "def convert_gender_to_label(gender_str):\n",
        "    if gender_str == 'Male':\n",
        "        return 0\n",
        "    elif gender_str == 'Female':\n",
        "        return 1\n",
        "\n",
        "    return None"
      ],
      "metadata": {
        "execution": {
          "iopub.status.busy": "2024-07-30T18:09:56.553689Z",
          "iopub.execute_input": "2024-07-30T18:09:56.554030Z",
          "iopub.status.idle": "2024-07-30T18:09:56.559316Z",
          "shell.execute_reply.started": "2024-07-30T18:09:56.554003Z",
          "shell.execute_reply": "2024-07-30T18:09:56.558291Z"
        },
        "trusted": true,
        "id": "wUpHiOdjH3d_"
      },
      "execution_count": 10,
      "outputs": []
    },
    {
      "cell_type": "code",
      "source": [
        "train['Gender'] = train['Gender'].apply(convert_gender_to_label)\n",
        "test['Gender'] = test['Gender'].apply(convert_gender_to_label)"
      ],
      "metadata": {
        "execution": {
          "iopub.status.busy": "2024-07-30T18:09:56.560730Z",
          "iopub.execute_input": "2024-07-30T18:09:56.561240Z",
          "iopub.status.idle": "2024-07-30T18:10:03.169685Z",
          "shell.execute_reply.started": "2024-07-30T18:09:56.561206Z",
          "shell.execute_reply": "2024-07-30T18:10:03.168798Z"
        },
        "trusted": true,
        "id": "gByx6SiAH3eA"
      },
      "execution_count": 11,
      "outputs": []
    },
    {
      "cell_type": "code",
      "source": [
        "train['Vehicle_Damage'].unique()"
      ],
      "metadata": {
        "execution": {
          "iopub.status.busy": "2024-07-30T18:10:03.173084Z",
          "iopub.execute_input": "2024-07-30T18:10:03.173378Z",
          "iopub.status.idle": "2024-07-30T18:10:03.237097Z",
          "shell.execute_reply.started": "2024-07-30T18:10:03.173354Z",
          "shell.execute_reply": "2024-07-30T18:10:03.235920Z"
        },
        "trusted": true,
        "colab": {
          "base_uri": "https://localhost:8080/"
        },
        "id": "qBBo9FBgH3eB",
        "outputId": "19539ff2-4d97-443a-c6b2-1e2c500d6381"
      },
      "execution_count": 12,
      "outputs": [
        {
          "output_type": "execute_result",
          "data": {
            "text/plain": [
              "array(['Yes', 'No', 'Ye'], dtype=object)"
            ]
          },
          "metadata": {},
          "execution_count": 12
        }
      ]
    },
    {
      "cell_type": "code",
      "source": [
        "def convert_damage_to_label(damage_str):\n",
        "    if damage_str == 'Yes':\n",
        "        return 1\n",
        "    elif damage_str == 'No':\n",
        "        return 0\n",
        "\n",
        "    return None"
      ],
      "metadata": {
        "execution": {
          "iopub.status.busy": "2024-07-30T18:10:03.238599Z",
          "iopub.execute_input": "2024-07-30T18:10:03.238942Z",
          "iopub.status.idle": "2024-07-30T18:10:03.244286Z",
          "shell.execute_reply.started": "2024-07-30T18:10:03.238915Z",
          "shell.execute_reply": "2024-07-30T18:10:03.243124Z"
        },
        "trusted": true,
        "id": "sWjLcUTnH3eC"
      },
      "execution_count": 13,
      "outputs": []
    },
    {
      "cell_type": "code",
      "source": [
        "train['Vehicle_Damage'] = train['Vehicle_Damage'].apply(convert_damage_to_label)\n",
        "test['Vehicle_Damage'] = test['Vehicle_Damage'].apply(convert_damage_to_label)"
      ],
      "metadata": {
        "execution": {
          "iopub.status.busy": "2024-07-30T18:10:03.245585Z",
          "iopub.execute_input": "2024-07-30T18:10:03.245933Z",
          "iopub.status.idle": "2024-07-30T18:10:10.051302Z",
          "shell.execute_reply.started": "2024-07-30T18:10:03.245906Z",
          "shell.execute_reply": "2024-07-30T18:10:10.050216Z"
        },
        "trusted": true,
        "id": "0LhsZL0MH3eC"
      },
      "execution_count": 14,
      "outputs": []
    },
    {
      "cell_type": "code",
      "source": [
        "train.corr()['Response']"
      ],
      "metadata": {
        "execution": {
          "iopub.status.busy": "2024-07-30T18:10:10.052701Z",
          "iopub.execute_input": "2024-07-30T18:10:10.053055Z",
          "iopub.status.idle": "2024-07-30T18:10:14.728481Z",
          "shell.execute_reply.started": "2024-07-30T18:10:10.053028Z",
          "shell.execute_reply": "2024-07-30T18:10:14.727469Z"
        },
        "trusted": true,
        "colab": {
          "base_uri": "https://localhost:8080/",
          "height": 429
        },
        "id": "fFs7peRAH3eD",
        "outputId": "fcc45a15-3f81-4b70-d1f4-aeb312d40ac9"
      },
      "execution_count": 15,
      "outputs": [
        {
          "output_type": "execute_result",
          "data": {
            "text/plain": [
              "Gender                 -0.058399\n",
              "Age                     0.121678\n",
              "Driving_License         0.010152\n",
              "Region_Code             0.011505\n",
              "Previously_Insured     -0.343743\n",
              "Vehicle_Age             0.229289\n",
              "Vehicle_Damage          0.357894\n",
              "Annual_Premium          0.030633\n",
              "Policy_Sales_Channel   -0.151581\n",
              "Vintage                -0.012244\n",
              "Response                1.000000\n",
              "Name: Response, dtype: float64"
            ],
            "text/html": [
              "<table border=\"1\" class=\"dataframe\">\n",
              "  <thead>\n",
              "    <tr style=\"text-align: right;\">\n",
              "      <th></th>\n",
              "      <th>Response</th>\n",
              "    </tr>\n",
              "  </thead>\n",
              "  <tbody>\n",
              "    <tr>\n",
              "      <th>Gender</th>\n",
              "      <td>-0.058399</td>\n",
              "    </tr>\n",
              "    <tr>\n",
              "      <th>Age</th>\n",
              "      <td>0.121678</td>\n",
              "    </tr>\n",
              "    <tr>\n",
              "      <th>Driving_License</th>\n",
              "      <td>0.010152</td>\n",
              "    </tr>\n",
              "    <tr>\n",
              "      <th>Region_Code</th>\n",
              "      <td>0.011505</td>\n",
              "    </tr>\n",
              "    <tr>\n",
              "      <th>Previously_Insured</th>\n",
              "      <td>-0.343743</td>\n",
              "    </tr>\n",
              "    <tr>\n",
              "      <th>Vehicle_Age</th>\n",
              "      <td>0.229289</td>\n",
              "    </tr>\n",
              "    <tr>\n",
              "      <th>Vehicle_Damage</th>\n",
              "      <td>0.357894</td>\n",
              "    </tr>\n",
              "    <tr>\n",
              "      <th>Annual_Premium</th>\n",
              "      <td>0.030633</td>\n",
              "    </tr>\n",
              "    <tr>\n",
              "      <th>Policy_Sales_Channel</th>\n",
              "      <td>-0.151581</td>\n",
              "    </tr>\n",
              "    <tr>\n",
              "      <th>Vintage</th>\n",
              "      <td>-0.012244</td>\n",
              "    </tr>\n",
              "    <tr>\n",
              "      <th>Response</th>\n",
              "      <td>1.000000</td>\n",
              "    </tr>\n",
              "  </tbody>\n",
              "</table><br><label><b>dtype:</b> float64</label>"
            ]
          },
          "metadata": {},
          "execution_count": 15
        }
      ]
    },
    {
      "cell_type": "code",
      "source": [
        "import seaborn as sns\n",
        "import plotly.express as px\n",
        "import plotly.graph_objects as go\n",
        "from plotly.subplots import make_subplots\n",
        "\n",
        "fig=px.imshow(train.corr(),text_auto=True, template='plotly_dark', color_continuous_scale=px.colors.sequential.Blues, aspect='auto',title='<b>Correlation matrix')\n",
        "fig.update_layout(title_x=0.5)\n",
        "fig.show()"
      ],
      "metadata": {
        "execution": {
          "iopub.status.busy": "2024-07-30T18:10:14.730191Z",
          "iopub.execute_input": "2024-07-30T18:10:14.730595Z",
          "iopub.status.idle": "2024-07-30T18:10:19.448328Z",
          "shell.execute_reply.started": "2024-07-30T18:10:14.730560Z",
          "shell.execute_reply": "2024-07-30T18:10:19.447295Z"
        },
        "trusted": true,
        "colab": {
          "base_uri": "https://localhost:8080/",
          "height": 542
        },
        "id": "sbn189WOH3eD",
        "outputId": "7874633d-ec6f-4540-88a6-7155df03534a"
      },
      "execution_count": 16,
      "outputs": [
        {
          "output_type": "display_data",
          "data": {
            "text/html": [
              "<html>\n",
              "<head><meta charset=\"utf-8\" /></head>\n",
              "<body>\n",
              "    <div>            <script src=\"https://cdnjs.cloudflare.com/ajax/libs/mathjax/2.7.5/MathJax.js?config=TeX-AMS-MML_SVG\"></script><script type=\"text/javascript\">if (window.MathJax && window.MathJax.Hub && window.MathJax.Hub.Config) {window.MathJax.Hub.Config({SVG: {font: \"STIX-Web\"}});}</script>                <script type=\"text/javascript\">window.PlotlyConfig = {MathJaxConfig: 'local'};</script>\n",
              "        <script charset=\"utf-8\" src=\"https://cdn.plot.ly/plotly-2.24.1.min.js\"></script>                <div id=\"4e8cbbed-d76d-43f5-9537-2c6c1998d024\" class=\"plotly-graph-div\" style=\"height:525px; width:100%;\"></div>            <script type=\"text/javascript\">                                    window.PLOTLYENV=window.PLOTLYENV || {};                                    if (document.getElementById(\"4e8cbbed-d76d-43f5-9537-2c6c1998d024\")) {                    Plotly.newPlot(                        \"4e8cbbed-d76d-43f5-9537-2c6c1998d024\",                        [{\"coloraxis\":\"coloraxis\",\"name\":\"0\",\"texttemplate\":\"%{z}\",\"x\":[\"Gender\",\"Age\",\"Driving_License\",\"Region_Code\",\"Previously_Insured\",\"Vehicle_Age\",\"Vehicle_Damage\",\"Annual_Premium\",\"Policy_Sales_Channel\",\"Vintage\",\"Response\"],\"y\":[\"Gender\",\"Age\",\"Driving_License\",\"Region_Code\",\"Previously_Insured\",\"Vehicle_Age\",\"Vehicle_Damage\",\"Annual_Premium\",\"Policy_Sales_Channel\",\"Vintage\",\"Response\"],\"z\":[[1.0,-0.15572753836688344,0.022024463587030238,0.0030433938733836854,0.09033168876928603,-0.16630490621326022,-0.09687249438212331,-0.009428260565427941,0.11198417399483504,0.008454568918311204,-0.05839914770704955],[-0.15572753836688344,1.0,-0.07451495076962796,0.03734181248486256,-0.2781641250044385,0.7793409644885231,0.2890898353684933,0.05456767252815861,-0.5913708048556606,-0.016456016780368624,0.1216779181402313],[0.022024463587030238,-0.07451495076962796,1.0,-0.0004868906048311002,0.010426840928503265,-0.035879452496262836,-0.01240916924245461,-0.008139501133177329,0.03982655553490449,-0.0018334324560365582,0.010152415016863401],[0.0030433938733836854,0.03734181248486256,-0.0004868906048311002,1.0,-0.025794205872406686,0.04147387422042041,0.029534741170684456,0.0007898027185364644,-0.041142734146336735,-0.008999571254223898,0.011504989512665079],[0.09033168876928603,-0.2781641250044385,0.010426840928503265,-0.025794205872406686,1.0,-0.4019053567398392,-0.8367287590098451,0.01116277195589837,0.24088967222608795,0.019063249504285833,-0.34374328126714293],[-0.16630490621326022,0.7793409644885231,-0.035879452496262836,0.04147387422042041,-0.4019053567398392,1.0,0.41291414807450344,0.023342282804401197,-0.5587467992455927,-0.020315354163767663,0.2292885047338772],[-0.09687249438212331,0.2890898353684933,-0.01240916924245461,0.029534741170684456,-0.8367287590098451,0.41291414807450344,1.0,0.009310842581604757,-0.24408382744423793,-0.01978258868072246,0.3578935720460267],[-0.009428260565427941,0.05456767252815861,-0.008139501133177329,0.0007898027185364644,0.01116277195589837,0.023342282804401197,0.009310842581604757,1.0,-0.13289467894345608,-0.0006537013402321503,0.03063302960675742],[0.11198417399483504,-0.5913708048556606,0.03982655553490449,-0.041142734146336735,0.24088967222608795,-0.5587467992455927,-0.24408382744423793,-0.13289467894345608,1.0,0.011041723325263483,-0.15158092960155767],[0.008454568918311204,-0.016456016780368624,-0.0018334324560365582,-0.008999571254223898,0.019063249504285833,-0.020315354163767663,-0.01978258868072246,-0.0006537013402321503,0.011041723325263483,1.0,-0.01224402794544931],[-0.05839914770704955,0.1216779181402313,0.010152415016863401,0.011504989512665079,-0.34374328126714293,0.2292885047338772,0.3578935720460267,0.03063302960675742,-0.15158092960155767,-0.01224402794544931,1.0]],\"type\":\"heatmap\",\"xaxis\":\"x\",\"yaxis\":\"y\",\"hovertemplate\":\"x: %{x}\\u003cbr\\u003ey: %{y}\\u003cbr\\u003ecolor: %{z}\\u003cextra\\u003e\\u003c\\u002fextra\\u003e\"}],                        {\"template\":{\"data\":{\"barpolar\":[{\"marker\":{\"line\":{\"color\":\"rgb(17,17,17)\",\"width\":0.5},\"pattern\":{\"fillmode\":\"overlay\",\"size\":10,\"solidity\":0.2}},\"type\":\"barpolar\"}],\"bar\":[{\"error_x\":{\"color\":\"#f2f5fa\"},\"error_y\":{\"color\":\"#f2f5fa\"},\"marker\":{\"line\":{\"color\":\"rgb(17,17,17)\",\"width\":0.5},\"pattern\":{\"fillmode\":\"overlay\",\"size\":10,\"solidity\":0.2}},\"type\":\"bar\"}],\"carpet\":[{\"aaxis\":{\"endlinecolor\":\"#A2B1C6\",\"gridcolor\":\"#506784\",\"linecolor\":\"#506784\",\"minorgridcolor\":\"#506784\",\"startlinecolor\":\"#A2B1C6\"},\"baxis\":{\"endlinecolor\":\"#A2B1C6\",\"gridcolor\":\"#506784\",\"linecolor\":\"#506784\",\"minorgridcolor\":\"#506784\",\"startlinecolor\":\"#A2B1C6\"},\"type\":\"carpet\"}],\"choropleth\":[{\"colorbar\":{\"outlinewidth\":0,\"ticks\":\"\"},\"type\":\"choropleth\"}],\"contourcarpet\":[{\"colorbar\":{\"outlinewidth\":0,\"ticks\":\"\"},\"type\":\"contourcarpet\"}],\"contour\":[{\"colorbar\":{\"outlinewidth\":0,\"ticks\":\"\"},\"colorscale\":[[0.0,\"#0d0887\"],[0.1111111111111111,\"#46039f\"],[0.2222222222222222,\"#7201a8\"],[0.3333333333333333,\"#9c179e\"],[0.4444444444444444,\"#bd3786\"],[0.5555555555555556,\"#d8576b\"],[0.6666666666666666,\"#ed7953\"],[0.7777777777777778,\"#fb9f3a\"],[0.8888888888888888,\"#fdca26\"],[1.0,\"#f0f921\"]],\"type\":\"contour\"}],\"heatmapgl\":[{\"colorbar\":{\"outlinewidth\":0,\"ticks\":\"\"},\"colorscale\":[[0.0,\"#0d0887\"],[0.1111111111111111,\"#46039f\"],[0.2222222222222222,\"#7201a8\"],[0.3333333333333333,\"#9c179e\"],[0.4444444444444444,\"#bd3786\"],[0.5555555555555556,\"#d8576b\"],[0.6666666666666666,\"#ed7953\"],[0.7777777777777778,\"#fb9f3a\"],[0.8888888888888888,\"#fdca26\"],[1.0,\"#f0f921\"]],\"type\":\"heatmapgl\"}],\"heatmap\":[{\"colorbar\":{\"outlinewidth\":0,\"ticks\":\"\"},\"colorscale\":[[0.0,\"#0d0887\"],[0.1111111111111111,\"#46039f\"],[0.2222222222222222,\"#7201a8\"],[0.3333333333333333,\"#9c179e\"],[0.4444444444444444,\"#bd3786\"],[0.5555555555555556,\"#d8576b\"],[0.6666666666666666,\"#ed7953\"],[0.7777777777777778,\"#fb9f3a\"],[0.8888888888888888,\"#fdca26\"],[1.0,\"#f0f921\"]],\"type\":\"heatmap\"}],\"histogram2dcontour\":[{\"colorbar\":{\"outlinewidth\":0,\"ticks\":\"\"},\"colorscale\":[[0.0,\"#0d0887\"],[0.1111111111111111,\"#46039f\"],[0.2222222222222222,\"#7201a8\"],[0.3333333333333333,\"#9c179e\"],[0.4444444444444444,\"#bd3786\"],[0.5555555555555556,\"#d8576b\"],[0.6666666666666666,\"#ed7953\"],[0.7777777777777778,\"#fb9f3a\"],[0.8888888888888888,\"#fdca26\"],[1.0,\"#f0f921\"]],\"type\":\"histogram2dcontour\"}],\"histogram2d\":[{\"colorbar\":{\"outlinewidth\":0,\"ticks\":\"\"},\"colorscale\":[[0.0,\"#0d0887\"],[0.1111111111111111,\"#46039f\"],[0.2222222222222222,\"#7201a8\"],[0.3333333333333333,\"#9c179e\"],[0.4444444444444444,\"#bd3786\"],[0.5555555555555556,\"#d8576b\"],[0.6666666666666666,\"#ed7953\"],[0.7777777777777778,\"#fb9f3a\"],[0.8888888888888888,\"#fdca26\"],[1.0,\"#f0f921\"]],\"type\":\"histogram2d\"}],\"histogram\":[{\"marker\":{\"pattern\":{\"fillmode\":\"overlay\",\"size\":10,\"solidity\":0.2}},\"type\":\"histogram\"}],\"mesh3d\":[{\"colorbar\":{\"outlinewidth\":0,\"ticks\":\"\"},\"type\":\"mesh3d\"}],\"parcoords\":[{\"line\":{\"colorbar\":{\"outlinewidth\":0,\"ticks\":\"\"}},\"type\":\"parcoords\"}],\"pie\":[{\"automargin\":true,\"type\":\"pie\"}],\"scatter3d\":[{\"line\":{\"colorbar\":{\"outlinewidth\":0,\"ticks\":\"\"}},\"marker\":{\"colorbar\":{\"outlinewidth\":0,\"ticks\":\"\"}},\"type\":\"scatter3d\"}],\"scattercarpet\":[{\"marker\":{\"colorbar\":{\"outlinewidth\":0,\"ticks\":\"\"}},\"type\":\"scattercarpet\"}],\"scattergeo\":[{\"marker\":{\"colorbar\":{\"outlinewidth\":0,\"ticks\":\"\"}},\"type\":\"scattergeo\"}],\"scattergl\":[{\"marker\":{\"line\":{\"color\":\"#283442\"}},\"type\":\"scattergl\"}],\"scattermapbox\":[{\"marker\":{\"colorbar\":{\"outlinewidth\":0,\"ticks\":\"\"}},\"type\":\"scattermapbox\"}],\"scatterpolargl\":[{\"marker\":{\"colorbar\":{\"outlinewidth\":0,\"ticks\":\"\"}},\"type\":\"scatterpolargl\"}],\"scatterpolar\":[{\"marker\":{\"colorbar\":{\"outlinewidth\":0,\"ticks\":\"\"}},\"type\":\"scatterpolar\"}],\"scatter\":[{\"marker\":{\"line\":{\"color\":\"#283442\"}},\"type\":\"scatter\"}],\"scatterternary\":[{\"marker\":{\"colorbar\":{\"outlinewidth\":0,\"ticks\":\"\"}},\"type\":\"scatterternary\"}],\"surface\":[{\"colorbar\":{\"outlinewidth\":0,\"ticks\":\"\"},\"colorscale\":[[0.0,\"#0d0887\"],[0.1111111111111111,\"#46039f\"],[0.2222222222222222,\"#7201a8\"],[0.3333333333333333,\"#9c179e\"],[0.4444444444444444,\"#bd3786\"],[0.5555555555555556,\"#d8576b\"],[0.6666666666666666,\"#ed7953\"],[0.7777777777777778,\"#fb9f3a\"],[0.8888888888888888,\"#fdca26\"],[1.0,\"#f0f921\"]],\"type\":\"surface\"}],\"table\":[{\"cells\":{\"fill\":{\"color\":\"#506784\"},\"line\":{\"color\":\"rgb(17,17,17)\"}},\"header\":{\"fill\":{\"color\":\"#2a3f5f\"},\"line\":{\"color\":\"rgb(17,17,17)\"}},\"type\":\"table\"}]},\"layout\":{\"annotationdefaults\":{\"arrowcolor\":\"#f2f5fa\",\"arrowhead\":0,\"arrowwidth\":1},\"autotypenumbers\":\"strict\",\"coloraxis\":{\"colorbar\":{\"outlinewidth\":0,\"ticks\":\"\"}},\"colorscale\":{\"diverging\":[[0,\"#8e0152\"],[0.1,\"#c51b7d\"],[0.2,\"#de77ae\"],[0.3,\"#f1b6da\"],[0.4,\"#fde0ef\"],[0.5,\"#f7f7f7\"],[0.6,\"#e6f5d0\"],[0.7,\"#b8e186\"],[0.8,\"#7fbc41\"],[0.9,\"#4d9221\"],[1,\"#276419\"]],\"sequential\":[[0.0,\"#0d0887\"],[0.1111111111111111,\"#46039f\"],[0.2222222222222222,\"#7201a8\"],[0.3333333333333333,\"#9c179e\"],[0.4444444444444444,\"#bd3786\"],[0.5555555555555556,\"#d8576b\"],[0.6666666666666666,\"#ed7953\"],[0.7777777777777778,\"#fb9f3a\"],[0.8888888888888888,\"#fdca26\"],[1.0,\"#f0f921\"]],\"sequentialminus\":[[0.0,\"#0d0887\"],[0.1111111111111111,\"#46039f\"],[0.2222222222222222,\"#7201a8\"],[0.3333333333333333,\"#9c179e\"],[0.4444444444444444,\"#bd3786\"],[0.5555555555555556,\"#d8576b\"],[0.6666666666666666,\"#ed7953\"],[0.7777777777777778,\"#fb9f3a\"],[0.8888888888888888,\"#fdca26\"],[1.0,\"#f0f921\"]]},\"colorway\":[\"#636efa\",\"#EF553B\",\"#00cc96\",\"#ab63fa\",\"#FFA15A\",\"#19d3f3\",\"#FF6692\",\"#B6E880\",\"#FF97FF\",\"#FECB52\"],\"font\":{\"color\":\"#f2f5fa\"},\"geo\":{\"bgcolor\":\"rgb(17,17,17)\",\"lakecolor\":\"rgb(17,17,17)\",\"landcolor\":\"rgb(17,17,17)\",\"showlakes\":true,\"showland\":true,\"subunitcolor\":\"#506784\"},\"hoverlabel\":{\"align\":\"left\"},\"hovermode\":\"closest\",\"mapbox\":{\"style\":\"dark\"},\"paper_bgcolor\":\"rgb(17,17,17)\",\"plot_bgcolor\":\"rgb(17,17,17)\",\"polar\":{\"angularaxis\":{\"gridcolor\":\"#506784\",\"linecolor\":\"#506784\",\"ticks\":\"\"},\"bgcolor\":\"rgb(17,17,17)\",\"radialaxis\":{\"gridcolor\":\"#506784\",\"linecolor\":\"#506784\",\"ticks\":\"\"}},\"scene\":{\"xaxis\":{\"backgroundcolor\":\"rgb(17,17,17)\",\"gridcolor\":\"#506784\",\"gridwidth\":2,\"linecolor\":\"#506784\",\"showbackground\":true,\"ticks\":\"\",\"zerolinecolor\":\"#C8D4E3\"},\"yaxis\":{\"backgroundcolor\":\"rgb(17,17,17)\",\"gridcolor\":\"#506784\",\"gridwidth\":2,\"linecolor\":\"#506784\",\"showbackground\":true,\"ticks\":\"\",\"zerolinecolor\":\"#C8D4E3\"},\"zaxis\":{\"backgroundcolor\":\"rgb(17,17,17)\",\"gridcolor\":\"#506784\",\"gridwidth\":2,\"linecolor\":\"#506784\",\"showbackground\":true,\"ticks\":\"\",\"zerolinecolor\":\"#C8D4E3\"}},\"shapedefaults\":{\"line\":{\"color\":\"#f2f5fa\"}},\"sliderdefaults\":{\"bgcolor\":\"#C8D4E3\",\"bordercolor\":\"rgb(17,17,17)\",\"borderwidth\":1,\"tickwidth\":0},\"ternary\":{\"aaxis\":{\"gridcolor\":\"#506784\",\"linecolor\":\"#506784\",\"ticks\":\"\"},\"baxis\":{\"gridcolor\":\"#506784\",\"linecolor\":\"#506784\",\"ticks\":\"\"},\"bgcolor\":\"rgb(17,17,17)\",\"caxis\":{\"gridcolor\":\"#506784\",\"linecolor\":\"#506784\",\"ticks\":\"\"}},\"title\":{\"x\":0.05},\"updatemenudefaults\":{\"bgcolor\":\"#506784\",\"borderwidth\":0},\"xaxis\":{\"automargin\":true,\"gridcolor\":\"#283442\",\"linecolor\":\"#506784\",\"ticks\":\"\",\"title\":{\"standoff\":15},\"zerolinecolor\":\"#283442\",\"zerolinewidth\":2},\"yaxis\":{\"automargin\":true,\"gridcolor\":\"#283442\",\"linecolor\":\"#506784\",\"ticks\":\"\",\"title\":{\"standoff\":15},\"zerolinecolor\":\"#283442\",\"zerolinewidth\":2}}},\"xaxis\":{\"anchor\":\"y\",\"domain\":[0.0,1.0]},\"yaxis\":{\"anchor\":\"x\",\"domain\":[0.0,1.0],\"autorange\":\"reversed\"},\"coloraxis\":{\"colorscale\":[[0.0,\"rgb(247,251,255)\"],[0.125,\"rgb(222,235,247)\"],[0.25,\"rgb(198,219,239)\"],[0.375,\"rgb(158,202,225)\"],[0.5,\"rgb(107,174,214)\"],[0.625,\"rgb(66,146,198)\"],[0.75,\"rgb(33,113,181)\"],[0.875,\"rgb(8,81,156)\"],[1.0,\"rgb(8,48,107)\"]]},\"title\":{\"text\":\"\\u003cb\\u003eCorrelation matrix\",\"x\":0.5}},                        {\"responsive\": true}                    ).then(function(){\n",
              "                            \n",
              "var gd = document.getElementById('4e8cbbed-d76d-43f5-9537-2c6c1998d024');\n",
              "var x = new MutationObserver(function (mutations, observer) {{\n",
              "        var display = window.getComputedStyle(gd).display;\n",
              "        if (!display || display === 'none') {{\n",
              "            console.log([gd, 'removed!']);\n",
              "            Plotly.purge(gd);\n",
              "            observer.disconnect();\n",
              "        }}\n",
              "}});\n",
              "\n",
              "// Listen for the removal of the full notebook cells\n",
              "var notebookContainer = gd.closest('#notebook-container');\n",
              "if (notebookContainer) {{\n",
              "    x.observe(notebookContainer, {childList: true});\n",
              "}}\n",
              "\n",
              "// Listen for the clearing of the current output cell\n",
              "var outputEl = gd.closest('.output');\n",
              "if (outputEl) {{\n",
              "    x.observe(outputEl, {childList: true});\n",
              "}}\n",
              "\n",
              "                        })                };                            </script>        </div>\n",
              "</body>\n",
              "</html>"
            ]
          },
          "metadata": {}
        }
      ]
    },
    {
      "cell_type": "code",
      "source": [
        "import seaborn as sns\n",
        "import matplotlib.pyplot as plt\n",
        "import pandas as pd\n",
        "\n",
        "plt.style.use('dark_background')\n",
        "\n",
        "sns.set(style=\"darkgrid\")\n",
        "\n",
        "columns_to_plot = [\n",
        "    'Gender', 'Age', 'Driving_License', 'Region_Code', 'Previously_Insured',\n",
        "    'Vehicle_Age', 'Vehicle_Damage', 'Annual_Premium', 'Policy_Sales_Channel',\n",
        "    'Vintage', 'Response'\n",
        "]\n",
        "\n",
        "fig, axes = plt.subplots(nrows=4, ncols=3, figsize=(15, 20))\n",
        "\n",
        "axes = axes.flatten()\n",
        "\n",
        "for i, col in enumerate(columns_to_plot):\n",
        "    sns.boxplot(x=train[col], ax=axes[i])\n",
        "    axes[i].set_title(f'Box plot of {col}', fontsize=14, color='white')\n",
        "\n",
        "for j in range(i + 1, len(axes)):\n",
        "    fig.delaxes(axes[j])\n",
        "\n",
        "plt.tight_layout()\n",
        "plt.show()"
      ],
      "metadata": {
        "execution": {
          "iopub.status.busy": "2024-07-30T18:10:19.449612Z",
          "iopub.execute_input": "2024-07-30T18:10:19.449933Z"
        },
        "trusted": true,
        "colab": {
          "base_uri": "https://localhost:8080/",
          "height": 1000
        },
        "id": "7bAzCzASH3eE",
        "outputId": "1f27dd00-baaa-47c3-9874-582e60c610c2"
      },
      "execution_count": 17,
      "outputs": [
        {
          "output_type": "display_data",
          "data": {
            "text/plain": [
              "<Figure size 1500x2000 with 11 Axes>"
            ],
